X89556  100 2026 03 21.6  11.0549  +5.2650 19.4 Added Mar. 21.79 UT              3   0.03 19.0  0.481
ZTF10Ct 100 2026 03 18.5  22.1369 +31.3896 19.2 Added Mar. 21.64 UT              3   0.01 15.5  3.590
ZTF10Cq 100 2026 03 21.3  13.5779 +10.7546 17.9 Updated Mar. 21.64 UT      S     6   0.03 32.2  0.823
ZTF10Cr 100 2026 03 21.3  13.7630 -35.6675 18.7 Updated Mar. 21.58 UT            4   0.05 27.6  0.800
C10QJV3 100 2026 03 21.4   1.3964  +9.0237 33.9 Added Mar. 21.52 UT              4   0.00 32.8  0.686
CEFAVT2  98 2026 03 21.4  13.8898 -26.7983 20.1 Updated Mar. 21.64 UT           11   0.23 27.0  0.500
C1D6LF5  98 2026 03 21.4  14.9414 +12.5081 22.1 Updated Mar. 21.53 UT            8   0.13 26.4  0.608
C4639X1 100 2026 03 21.4  17.7884 -34.5853 18.5 Updated Mar. 21.47 UT      S     8   0.07 30.8  0.675
CEF82L2  96 2026 03 21.3  12.4406 -16.2369 21.1 Updated Mar. 22.08 UT           15   0.72 25.5  0.062
CEF80H2  91 2026 03 21.3  12.3527 -15.2533 20.8 Updated Mar. 22.12 UT           18   0.78 25.8  0.029
C1D6K45 100 2026 03 21.4  14.0740 +10.5702 22.2 Updated Mar. 21.47 UT            7   0.09 20.8  0.670
CEF7G12  97 2026 03 21.3  12.4664 -11.9626 20.4 Updated Mar. 22.03 UT           17   0.68 21.9  0.106
C4639E1 100 2026 03 21.4   0.9970  -3.4172 34.9 Updated Mar. 21.63 UT           12   0.07 31.8  0.689
C4639C1 100 2026 03 21.4  14.4004  -7.4332 19.9 Updated Mar. 21.40 UT            7   0.02 28.3  0.739
CEF5M62  86 2026 03 21.3  12.7493 -12.1013 20.0 Updated Mar. 22.04 UT           17   0.74 29.4  0.103
C1D6E05  98 2026 03 21.3  13.6187 +23.6671 22.7 Updated Mar. 21.47 UT            7   0.09 27.1  0.699
C1D6DW5  85 2026 03 21.3  13.5499 +24.6434 22.0 Updated Mar. 21.48 UT            8   0.11 19.7  0.682
C4638H1  96 2026 03 21.3  14.2944  -8.4670 19.5 Updated Mar. 21.67 UT      S    17   0.29 33.5  0.494
ST26CA7  79 2026 03 21.3  11.8006  +2.2753 18.7 Updated Mar. 22.04 UT           64   1.71 25.4  0.099
C1D5AP5 100 2026 03 21.3  12.7659 +13.2174 22.1 Updated Mar. 21.41 UT            8   0.11 24.7  0.735
C1D5AR5  98 2026 03 21.3  12.6573 +13.2353 22.5 Updated Mar. 21.49 UT            8   0.19 28.8  0.648
C4636D1  74 2026 03 21.3  11.7281 +27.6523 19.4 Updated Mar. 22.06 UT           33   2.74 26.0  0.086
C1D50Q5 100 2026 03 21.3  12.1019 +29.6156 22.7 Updated Mar. 21.39 UT            6   0.10 23.3  0.760
C4635Q1  89 2026 03 21.3  10.3597  -8.3331 18.9 Updated Mar. 22.06 UT           24   0.75 22.9  0.108
ST26CA5  74 2026 03 21.2  10.0588 -21.5769 20.1 Updated Mar. 22.10 UT           26   2.79 26.5  0.057
ST26CA4 100 2026 03 21.2  22.1877 +13.4275 29.2 Updated Mar. 21.78 UT            8   0.06 32.6  0.836
C4634U1  86 2026 03 21.2   9.5161  +6.7992 19.9 Updated Mar. 22.08 UT           41   0.85 26.7  0.056
ST26CA3  86 2026 03 21.2  10.6175  +3.7031 20.0 Updated Mar. 22.10 UT           28   0.86 27.9  0.046
C1D2L35  88 2026 03 21.2  10.1898 +20.9805 21.5 Updated Mar. 22.10 UT           17   0.89 26.8  0.041
ST26CA2 100 2026 03 21.2   8.0110 -13.5229 20.9 Updated Mar. 21.21 UT            4   0.03 24.0  0.926
C1D1Y05 100 2026 03 21.2   9.2414 +14.6806 22.7 Updated Mar. 21.25 UT            7   0.05 22.3  0.899
6CK1821  89 2026 03 21.1  11.0934 -25.5342 19.7 Updated Mar. 22.13 UT           27   0.90 24.8  0.096
X89515  100 2026 03 20.7  13.3761 +16.0786 20.6 Added Mar. 21.02 UT              3   0.03 21.4  1.370
TF26CH5 100 2026 03 20.5  11.7934  +9.2862 19.6 Added Mar. 20.69 UT              2   0.00 26.1  1.638
ST26C99  77 2026 03 20.4  11.4395 +31.7503 19.5 Updated Mar. 22.01 UT           49   2.60 25.2  0.129
CEF0CA2  89 2026 03 20.4  13.4387 -10.9150 21.6 Updated Mar. 20.49 UT            7   0.07 18.0  1.664
C1D0Q35 100 2026 03 20.4  18.1013 +44.8227 22.1 Updated Mar. 21.97 UT           12   0.07 21.2  1.614
C1D0Q15 100 2026 03 20.4  17.0540 +27.4933 23.0 Updated Mar. 20.46 UT           12   0.07 21.0  1.676
ST26C98  10 2026 03 20.4  11.7139 +27.7111 20.2 Updated Mar. 21.91 UT           32   3.62 28.7  0.227
C1D0PR5 100 2026 03 20.3  15.0202 +25.8539 23.1 Updated Mar. 21.53 UT           15   1.17 23.4  0.619
ST26C96  76 2026 03 20.4   9.6706 +13.5431 21.4 Updated Mar. 21.89 UT           26   1.48 29.4  0.286
ST26C94  86 2026 03 20.2  20.5812 +44.1302 22.6 Updated Mar. 21.10 UT           30   0.85 30.7  1.060
A11zb4S  84 2026 03 19.1   3.6218 -87.0478 19.1 Updated Mar. 22.02 UT           25   2.88 18.5  0.130
ST26C90 100 2026 03 19.4  20.6439  +3.6084 24.7 Updated Mar. 21.24 UT            4   0.02 28.4  2.680
ZTF10Cl 100 2026 03 19.4  21.6394 -32.1022 23.8 Updated Mar. 21.24 UT            4   0.02 25.8  2.689
ZTF10Cg  98 2026 03 19.3  23.9923 -13.4362 31.4 Updated Mar. 21.88 UT      S     7   2.54 29.2  0.304
ZTF10Cf 100 2026 03 19.3  16.0747 -22.2565 21.6 Updated Mar. 21.23 UT            4   0.03 28.4  2.814
gb00832 100 2026 03 19.0   1.8125  -9.1525 30.8 Updated Mar. 21.24 UT            3   0.00 28.5  3.170
gb00831 100 2026 03 19.0   1.9084  -0.2076 34.7 Updated Mar. 21.24 UT            3   0.00 32.4  3.179
CEEDQX2 100 2026 03 19.3  12.5728  +5.6724 21.0 Updated Mar. 20.58 UT           26   1.23 20.5  1.562
C1CZAU5 100 2026 03 19.4  16.5581 +28.7458 22.2 Updated Mar. 20.42 UT           19   1.02 21.9  1.719
C1CZ9K5  88 2026 03 19.4  12.2476 +18.4239 23.2 Updated Mar. 20.23 UT           16   0.86 28.2  1.906
TF26CE7 100 2026 03 19.4  12.4181 -12.4557 20.8 Updated Mar. 21.24 UT            2   0.00 25.5  2.758
C462CQ1  98 2026 03 19.3  15.8769  +0.4481 20.8 Updated Mar. 21.24 UT      S    12   0.15 32.9  2.665
C462AK1  70 2026 03 19.3  11.9015 +19.6551 20.6 Updated Mar. 21.94 UT           98   2.66 26.1  0.193
C1CYQH5  70 2026 03 19.2  12.8553 +23.6874 19.7 Updated Mar. 21.38 UT           57   2.06 28.0  0.845
C4629V1  69 2026 03 19.2  10.3506  -1.7776 18.9 Updated Mar. 21.91 UT          119   2.69 25.9  0.235
MHM1850  70 2026 03 19.1  10.3143 +43.6326 20.9 Updated Mar. 22.12 UT           50   2.97 24.7  0.022
TF26CD0 100 2026 03 18.5   9.0286  -8.6633 21.6 Updated Mar. 21.23 UT            4   0.02 26.5  3.659
C461XD1 100 2026 03 18.5   7.1005 -42.1973 21.6 Updated Mar. 20.24 UT            8   0.02 25.2  3.617
CEE1CG2  10 2026 03 18.4  17.4762 +41.5986 20.1 Updated Mar. 22.05 UT           47   3.68 25.4  0.092
C1CWXA5  86 2026 03 18.3  11.3979 +23.8540 22.4 Updated Mar. 21.39 UT           22   3.01 21.9  0.797
C1CWP45  71 2026 03 18.3  10.1380 +35.4117 23.7 Updated Mar. 20.26 UT           15   1.94 15.6  1.896
C1CW5M5  63 2026 03 18.3   9.1070 +25.7254 22.8 Updated Mar. 21.31 UT           19   3.00 19.7  0.856
8MRA001 100 2026 03 18.1  13.3529 +24.9817 18.8 Updated Mar. 21.24 UT            3   0.01 19.7  4.055
CEDMYW2  10 2026 03 17.4  15.2922 +11.6687 20.5 Updated Mar. 22.07 UT           50   4.64 19.9  0.067
ZTF10CU 100 2026 03 16.3  17.4414 -43.4468 24.2 Updated Mar. 20.23 UT            4   0.04 28.6  5.821
CED79P2 100 2026 03 16.4  15.6147 +27.2794 23.8 Updated Mar. 20.24 UT            8   0.08 27.8  5.652
PDO0144 100 2026 03 14.0  10.9830 +46.1867 23.5 Updated Mar. 21.23 UT            3   0.02 23.1  8.110
DNA0010 100 2026 03 14.7   5.7937  +8.1883 19.2 Updated Mar. 21.24 UT            3   0.04 16.2  7.391
CEC7CG2 100 2026 03 13.3  14.4955 +13.8058 23.4 Updated Mar. 21.24 UT           11   0.06 28.3  8.788
P12kfD7  35 2026 01 13.4   8.1685 +20.5612 21.0 Updated Mar. 22.01 UT           51 112.41 12.6  0.181
A11z2Ek  49 2026 03 10.9  12.4727 -47.0903 18.9 Updated Mar. 20.23 UT           18   5.44 14.1  5.741
CXP6G2Z  28 2026 03 06.2   8.7227 +45.1843 22.6 Updated Mar. 21.24 UT            4   0.02 19.0 15.884
P12mo8c 100 2026 03 08.6  12.6650 +26.2463 18.2 Updated Mar. 21.23 UT            4   0.03 16.6 13.508
MDQH027  97 2026 02 19.8   9.7999  -9.3227 24.4 Updated Mar. 21.23 UT            6   4.03 24.5 26.310
C1CNVD5 100 2026 02 26.4  11.4904 +12.5417 22.4 Updated Mar. 20.24 UT            8   0.93 24.0 22.772
C1CNEU5 100 2026 02 26.4   9.9519  +4.7564 25.3 Updated Mar. 21.24 UT           11   1.06 25.4 22.665
C1CMXM5 100 2026 02 26.4  11.5388 +26.5295 24.3 Updated Mar. 21.23 UT           10   1.02 24.9 22.725
C1CHM75  90 2026 02 25.4  11.5901 +39.7077 22.9 Updated Mar. 20.24 UT            7   2.11 17.5 22.658
C1C7FZ5  91 2026 02 23.4   9.6335 +12.6041 23.6 Updated Mar. 20.24 UT           12   2.93 23.3 23.774
ZTF10BB 100 2026 02 03.3  20.8966 +20.1508 27.4 Updated Mar. 22.10 UT            8   1.03 25.7 46.857
P22bZYt  35 2025 07 26.3  15.1400 -38.4973 23.7 Updated Mar. 20.24 UT           19  38.99 17.2 208.824
